notes,date,cumulative_cases,cumulative_fatalities,daily_new_cases,daily_new_fatalities,new_cases_7day_avg,new_deaths_7day_avg,group,state,fips
NA,2020-03-04,0,NA,0,NA,0,0,Daily New Cases,Texas,48
NA,2020-03-05,0,NA,0,NA,0,0,Daily New Cases,Texas,48
NA,2020-03-06,6,NA,6,NA,0,0,Daily New Cases,Texas,48
NA,2020-03-07,6,0,0,NA,0,0,Daily New Cases,Texas,48
NA,2020-03-08,6,1,0,1,0,0,Daily New Cases,Texas,48
NA,2020-03-09,13,1,8,0,0,0,Daily New Cases,Texas,48
NA,2020-03-10,16,1,4,0,2.5714285714285716,NA,Daily New Cases,Texas,48
NA,2020-03-11,19,1,4,0,3.142857142857143,NA,Daily New Cases,Texas,48
NA,2020-03-12,23,1,5,0,3.857142857142857,NA,Daily New Cases,Texas,48
NA,2020-03-13,23,1,0,0,3,NA,Daily New Cases,Texas,48
NA,2020-03-14,23,1,0,0,3,0.14285714285714285,Daily New Cases,Texas,48
NA,2020-03-15,57,1,35,0,8,0,Daily New Cases,Texas,48
NA,2020-03-16,57,2,0,1,6.857142857142857,0.14285714285714285,Daily New Cases,Texas,48
NA,2020-03-17,63,4,8,2,7.428571428571429,0.42857142857142855,Daily New Cases,Texas,48
NA,2020-03-18,82,6,20,2,9.714285714285714,0.7142857142857143,Daily New Cases,Texas,48
NA,2020-03-19,108,6,27,0,12.857142857142858,0.7142857142857143,Daily New Cases,Texas,48
NA,2020-03-20,175,10,67,4,22.428571428571427,1.2857142857142858,Daily New Cases,Texas,48
NA,2020-03-21,235,12,60,2,31,1.5714285714285714,Daily New Cases,Texas,48
NA,2020-03-22,263,13,29,1,30.142857142857142,1.7142857142857142,Daily New Cases,Texas,48
NA,2020-03-23,287,15,25,2,33.714285714285715,1.8571428571428572,Daily New Cases,Texas,48
NA,2020-03-24,712,21,425,6,93.28571428571429,2.4285714285714284,Daily New Cases,Texas,48
NA,2020-03-25,975,27,263,6,128,3,Daily New Cases,Texas,48
NA,2020-03-26,1394,38,419,11,184,4.571428571428571,Daily New Cases,Texas,48
NA,2020-03-27,1731,47,337,9,222.57142857142858,5.285714285714286,Daily New Cases,Texas,48
NA,2020-03-28,2048,59,317,12,259.2857142857143,6.714285714285714,Daily New Cases,Texas,48
NA,2020-03-29,2552,70,504,11,327.14285714285717,8.142857142857142,Daily New Cases,Texas,48
NA,2020-03-30,2874,88,322,18,369.57142857142856,10.428571428571429,Daily New Cases,Texas,48
NA,2020-03-31,3266,100,392,12,364.85714285714283,11.285714285714286,Daily New Cases,Texas,48
NA,2020-04-01,3996,121,730,21,431.57142857142856,13.428571428571429,Daily New Cases,Texas,48
NA,2020-04-02,4665,142,669,21,467.2857142857143,14.857142857142858,Daily New Cases,Texas,48
NA,2020-04-03,5324,162,659,20,513.2857142857143,16.428571428571427,Daily New Cases,Texas,48
NA,2020-04-04,6112,183,788,21,580.5714285714286,17.714285714285715,Daily New Cases,Texas,48
NA,2020-04-05,6793,221,681,38,605.8571428571429,21.571428571428573,Daily New Cases,Texas,48
NA,2020-04-06,7273,246,480,25,628.4285714285714,22.571428571428573,Daily New Cases,Texas,48
NA,2020-04-07,8261,262,988,16,713.5714285714286,23.142857142857142,Daily New Cases,Texas,48
NA,2020-04-08,9353,287,1092,25,765.2857142857143,23.714285714285715,Daily New Cases,Texas,48
NA,2020-04-09,10230,321,877,34,795,25.571428571428573,Daily New Cases,Texas,48
NA,2020-04-10,11671,350,1441,29,906.7142857142857,26.857142857142858,Daily New Cases,Texas,48
NA,2020-04-11,12561,383,890,33,921.2857142857143,28.571428571428573,Daily New Cases,Texas,48
NA,2020-04-12,13484,417,923,34,955.8571428571429,28,Daily New Cases,Texas,48
NA,2020-04-13,13906,448,422,31,947.5714285714286,28.857142857142858,Daily New Cases,Texas,48
NA,2020-04-14,14624,480,718,32,909,31.142857142857142,Daily New Cases,Texas,48
NA,2020-04-15,15492,516,868,36,877,32.714285714285715,Daily New Cases,Texas,48
NA,2020-04-16,16455,548,963,32,889.2857142857143,32.42857142857143,Daily New Cases,Texas,48
NA,2020-04-17,17371,586,916,38,814.2857142857143,33.714285714285715,Daily New Cases,Texas,48
NA,2020-04-18,18260,615,889,29,814.1428571428571,33.142857142857146,Daily New Cases,Texas,48
NA,2020-04-19,18923,643,663,28,777,32.285714285714285,Daily New Cases,Texas,48
NA,2020-04-20,19458,668,535,25,793.1428571428571,31.428571428571427,Daily New Cases,Texas,48
NA,2020-04-21,20196,708,738,40,796,32.57142857142857,Daily New Cases,Texas,48
NA,2020-04-22,21069,738,873,30,796.7142857142857,31.714285714285715,Daily New Cases,Texas,48
NA,2020-04-23,21944,774,875,36,784.1428571428571,32.285714285714285,Daily New Cases,Texas,48
NA,2020-04-24,22806,807,862,33,776.4285714285714,31.571428571428573,Daily New Cases,Texas,48
NA,2020-04-25,23773,844,967,37,787.5714285714286,32.714285714285715,Daily New Cases,Texas,48
NA,2020-04-26,24631,874,858,30,815.4285714285714,33,Daily New Cases,Texas,48
NA,2020-04-27,25297,899,666,25,834.1428571428571,33,Daily New Cases,Texas,48
NA,2020-04-28,26171,933,874,34,853.5714285714286,32.142857142857146,Daily New Cases,Texas,48
NA,2020-04-29,27054,956,883,23,855,31.142857142857142,Daily New Cases,Texas,48
NA,2020-04-30,28087,987,1033,31,877.5714285714286,30.428571428571427,Daily New Cases,Texas,48
NA,2020-05-01,29229,1030,1142,43,917.5714285714286,31.857142857142858,Daily New Cases,Texas,48
NA,2020-05-02,30522,1064,1293,34,964.1428571428571,31.428571428571427,Daily New Cases,Texas,48
NA,2020-05-03,31548,1099,1026,35,988.1428571428571,32.142857142857146,Daily New Cases,Texas,48
NA,2020-05-04,32332,1129,784,30,1005,32.857142857142854,Daily New Cases,Texas,48
NA,2020-05-05,33369,1159,1037,30,1028.2857142857142,32.285714285714285,Daily New Cases,Texas,48
NA,2020-05-06,34422,1191,1053,32,1052.5714285714287,33.57142857142857,Daily New Cases,Texas,48
NA,2020-05-07,35390,1226,968,35,1043.2857142857142,34.142857142857146,Daily New Cases,Texas,48
NA,2020-05-08,36609,1259,1219,33,1054.2857142857142,32.714285714285715,Daily New Cases,Texas,48
NA,2020-05-09,37860,1286,1251,27,1048.2857142857142,31.714285714285715,Daily New Cases,Texas,48
NA,2020-05-10,38869,1312,1009,26,1045.857142857143,30.428571428571427,Daily New Cases,Texas,48
NA,2020-05-11,39869,1345,1000,33,1076.7142857142858,30.857142857142858,Daily New Cases,Texas,48
NA,2020-05-12,41048,1377,1179,32,1097,31.142857142857142,Daily New Cases,Texas,48
NA,2020-05-13,42403,1418,1355,41,1140.142857142857,32.42857142857143,Daily New Cases,Texas,48
NA,2020-05-14,43851,1449,1448,31,1208.7142857142858,31.857142857142858,Daily New Cases,Texas,48
NA,2020-05-15,45198,1489,1347,40,1227,32.857142857142854,Daily New Cases,Texas,48
NA,2020-05-16,46999,1519,1801,30,1305.5714285714287,33.285714285714285,Daily New Cases,Texas,48
NA,2020-05-17,47784,1544,785,25,1273.5714285714287,33.142857142857146,Daily New Cases,Texas,48
NA,2020-05-18,48693,1566,909,22,1260.5714285714287,31.571428571428573,Daily New Cases,Texas,48
NA,2020-05-19,49912,1594,1219,28,1266.2857142857142,31,Daily New Cases,Texas,48
NA,2020-05-20,51323,1615,1411,21,1274.2857142857142,28.142857142857142,Daily New Cases,Texas,48
NA,2020-05-21,52268,1639,945,24,1202.4285714285713,27.142857142857142,Daily New Cases,Texas,48
NA,2020-05-22,53449,1668,1181,29,1178.7142857142858,25.571428571428573,Daily New Cases,Texas,48
NA,2020-05-23,54509,1683,1060,15,1072.857142857143,23.428571428571427,Daily New Cases,Texas,48
NA,2020-05-24,55348,1715,839,32,1080.5714285714287,24.428571428571427,Daily New Cases,Texas,48
NA,2020-05-25,55971,1746,623,31,1039.7142857142858,25.714285714285715,Daily New Cases,Texas,48
NA,2020-05-26,56560,1766,589,20,949.7142857142857,24.571428571428573,Daily New Cases,Texas,48
NA,2020-05-27,57921,1788,1361,22,942.5714285714286,24.714285714285715,Daily New Cases,Texas,48
NA,2020-05-28,59776,1819,1855,31,1072.5714285714287,25.714285714285715,Daily New Cases,Texas,48
NA,2020-05-29,61006,1854,1230,35,1079.5714285714287,26.571428571428573,Daily New Cases,Texas,48
NA,2020-05-30,62338,1886,1332,32,1118.4285714285713,29,Daily New Cases,Texas,48
NA,2020-05-31,64287,1899,1949,13,1277,26.285714285714285,Daily New Cases,Texas,48
NA,2020-06-01,64880,1919,593,20,1272.7142857142858,24.714285714285715,Daily New Cases,Texas,48
NA,2020-06-02,66568,1947,1688,28,1429.7142857142858,25.857142857142858,Daily New Cases,Texas,48
NA,2020-06-03,68271,1978,1703,31,1478.5714285714287,27.142857142857142,Daily New Cases,Texas,48
NA,2020-06-04,69920,1998,1649,20,1449.142857142857,25.571428571428573,Daily New Cases,Texas,48
NA,2020-06-05,71613,2022,1693,24,1515.2857142857142,24,Daily New Cases,Texas,48
NA,2020-06-06,73553,2054,1940,32,1602.142857142857,24,Daily New Cases,Texas,48
NA,2020-06-07,74978,2072,1425,18,1527.2857142857142,24.714285714285715,Daily New Cases,Texas,48
NA,2020-06-08,75616,2102,638,30,1533.7142857142858,26.142857142857142,Daily New Cases,Texas,48
NA,2020-06-09,77253,2135,1637,33,1526.4285714285713,26.857142857142858,Daily New Cases,Texas,48
NA,2020-06-10,79757,2157,2504,22,1640.857142857143,25.571428571428573,Daily New Cases,Texas,48
NA,2020-06-11,81583,2185,1826,28,1666.142857142857,26.714285714285715,Daily New Cases,Texas,48
NA,2020-06-12,83680,2217,2097,32,1723.857142857143,27.857142857142858,Daily New Cases,Texas,48
NA,2020-06-13,86011,2254,2331,37,1779.7142857142858,28.571428571428573,Daily New Cases,Texas,48
NA,2020-06-14,87854,2296,1843,42,1839.4285714285713,32,Daily New Cases,Texas,48
NA,2020-06-15,89108,2325,1254,29,1927.4285714285713,31.857142857142858,Daily New Cases,Texas,48
*,2020-06-16,93206,2369,4098,44,2279,33.42857142857143,Daily New Cases,Texas,48
NA,2020-06-17,96335,2406,3129,37,2368.285714285714,35.57142857142857,Daily New Cases,Texas,48
NA,2020-06-18,99851,2445,3516,39,2609.714285714286,37.142857142857146,Daily New Cases,Texas,48
NA,2020-06-19,103305,2489,3454,44,2803.5714285714284,38.857142857142854,Daily New Cases,Texas,48
NA,2020-06-20,107735,2533,4430,44,3103.4285714285716,39.857142857142854,Daily New Cases,Texas,48
NA,2020-06-21,111601,2568,3866,35,3392.4285714285716,38.857142857142854,Daily New Cases,Texas,48
NA,2020-06-22,114881,2609,3280,41,3681.8571428571427,40.57142857142857,Daily New Cases,Texas,48
NA,2020-06-23,120370,2649,5489,40,3880.5714285714284,40,Daily New Cases,Texas,48
NA,2020-06-24,125921,2714,5551,65,4226.571428571428,44,Daily New Cases,Texas,48
NA,2020-06-25,131917,2772,5996,58,4580.857142857143,46.714285714285715,Daily New Cases,Texas,48
NA,2020-06-26,137624,2838,5707,66,4902.714285714285,49.857142857142854,Daily New Cases,Texas,48
NA,2020-06-27,143366,2914,5742,76,5090.142857142857,54.42857142857143,Daily New Cases,Texas,48
NA,2020-06-28,148723,2999,5357,85,5303.142857142857,61.57142857142857,Daily New Cases,Texas,48
NA,2020-06-29,153011,3081,4288,82,5447.142857142857,67.42857142857143,Daily New Cases,Texas,48
NA,2020-06-30,159986,3164,6975,83,5659.428571428572,73.57142857142857,Daily New Cases,Texas,48
NA,2020-07-01,168062,3254,8076,90,6020.142857142857,77.14285714285714,Daily New Cases,Texas,48
NA,2020-07-02,175977,3358,7915,104,6294.285714285715,83.71428571428571,Daily New Cases,Texas,48
NA,2020-07-03,183532,3480,7555,122,6558.285714285715,91.71428571428571,Daily New Cases,Texas,48
NA,2020-07-04,191790,3607,8258,127,6917.714285714285,99,Daily New Cases,Texas,48
NA,2020-07-05,195239,3718,3449,111,6645.142857142857,102.71428571428571,Daily New Cases,Texas,48
NA,2020-07-06,200557,3838,5318,120,6792.285714285715,108.14285714285714,Daily New Cases,Texas,48
NA,2020-07-07,210585,3976,10028,138,7228.428571428572,116,Daily New Cases,Texas,48
NA,2020-07-08,220564,4130,9979,154,7500.285714285715,125.14285714285714,Daily New Cases,Texas,48
NA,2020-07-09,230346,4272,9782,142,7767,130.57142857142858,Daily New Cases,Texas,48
NA,2020-07-10,240111,4428,9765,156,8082.714285714285,135.42857142857142,Daily New Cases,Texas,48
NA,2020-07-11,250462,4580,10351,152,8381.714285714286,139,Daily New Cases,Texas,48
NA,2020-07-12,258658,4752,8196,172,9059.857142857143,147.71428571428572,Daily New Cases,Texas,48
NA,2020-07-13,264313,4914,5655,162,9108,153.71428571428572,Daily New Cases,Texas,48
**,2020-07-14,271574,5095,10745,181,9210.42857142857,159.85714285714286,Daily New Cases,Texas,48
NA,2020-07-15,282365,5262,10791,167,9326.42857142857,161.71428571428572,Daily New Cases,Texas,48
NA,2020-07-16,292656,5411,10291,149,9399.142857142857,162.71428571428572,Daily New Cases,Texas,48
***,2020-07-17,307572,5546,10256,135,9469.285714285714,159.71428571428572,Daily New Cases,Texas,48
NA,2020-07-18,317730,5654,10158,108,9441.714285714286,153.42857142857142,Daily New Cases,Texas,48
NA,2020-07-19,325030,5769,7300,115,9313.714285714286,145.28571428571428,Daily New Cases,Texas,48
NA,2020-07-20,332434,5892,7404,123,9563.57142857143,139.71428571428572,Daily New Cases,Texas,48
NA,2020-07-21,341739,5988,9305,96,9357.857142857143,127.57142857142857,Daily New Cases,Texas,48
NA,2020-07-22,351618,6089,9879,101,9227.57142857143,118.14285714285714,Daily New Cases,Texas,48
NA,2020-07-23,361125,6162,9507,73,9115.57142857143,107.28571428571429,Daily New Cases,Texas,48
NA,2020-07-24,369826,6209,8701,47,8893.42857142857,94.71428571428571,Daily New Cases,Texas,48
****,2020-07-25,375846,6236,8112,27,8601.142857142857,83.14285714285714,Daily New Cases,Texas,48
NA,2020-07-26,381656,6261,5810,25,8388.285714285714,70.28571428571429,Daily New Cases,Texas,48
NA,2020-07-27,385923,6273,4267,12,7940.142857142857,54.42857142857143,Daily New Cases,Texas,48
NA,2020-07-28,394265,6273,8342,0,7802.571428571428,40.714285714285715,Daily New Cases,Texas,48
NA,2020-07-29,403307,6274,9042,1,7683,26.428571428571427,Daily New Cases,Texas,48
NA,2020-07-30,412107,NA,8800,NA,7582,NA,Daily New Cases,Texas,48
